(kicad_pcb (version 20171130) (host pcbnew "(2018-02-09 revision 07fff6ed3)-makepkg")

  (general
    (thickness 1.6)
    (drawings 61)
    (tracks 495)
    (zones 0)
    (modules 34)
    (nets 58)
  )

  (page A4)
  (layers
    (0 F.Cu signal)
    (31 B.Cu signal)
    (32 B.Adhes user)
    (33 F.Adhes user)
    (34 B.Paste user)
    (35 F.Paste user)
    (36 B.SilkS user hide)
    (37 F.SilkS user)
    (38 B.Mask user)
    (39 F.Mask user)
    (40 Dwgs.User user)
    (41 Cmts.User user)
    (42 Eco1.User user)
    (43 Eco2.User user)
    (44 Edge.Cuts user)
    (45 Margin user)
    (46 B.CrtYd user)
    (47 F.CrtYd user)
    (48 B.Fab user hide)
    (49 F.Fab user hide)
  )

  (setup
    (last_trace_width 0.175)
    (trace_clearance 0.175)
    (zone_clearance 0.25)
    (zone_45_only no)
    (trace_min 0.15)
    (segment_width 0.2)
    (edge_width 0.15)
    (via_size 0.5)
    (via_drill 0.25)
    (via_min_size 0)
    (via_min_drill 0)
    (uvia_size 0.3)
    (uvia_drill 0.1)
    (uvias_allowed no)
    (uvia_min_size 0.2)
    (uvia_min_drill 0.1)
    (pcb_text_width 0.3)
    (pcb_text_size 1.5 1.5)
    (mod_edge_width 0.15)
    (mod_text_size 1 1)
    (mod_text_width 0.15)
    (pad_size 1.524 1.524)
    (pad_drill 0.762)
    (pad_to_mask_clearance 0.14)
    (aux_axis_origin 0 0)
    (visible_elements 7FFFFF7F)
    (pcbplotparams
      (layerselection 0x010fc_ffffffff)
      (usegerberextensions false)
      (usegerberattributes false)
      (usegerberadvancedattributes false)
      (creategerberjobfile false)
      (excludeedgelayer true)
      (linewidth 0.100000)
      (plotframeref false)
      (viasonmask false)
      (mode 1)
      (useauxorigin false)
      (hpglpennumber 1)
      (hpglpenspeed 20)
      (hpglpendiameter 15)
      (psnegative false)
      (psa4output false)
      (plotreference true)
      (plotvalue true)
      (plotinvisibletext false)
      (padsonsilk false)
      (subtractmaskfromsilk false)
      (outputformat 1)
      (mirror false)
      (drillshape 1)
      (scaleselection 1)
      (outputdirectory ""))
  )

  (net 0 "")
  (net 1 VBUS)
  (net 2 +3V3)
  (net 3 GND)
  (net 4 /SWDIO)
  (net 5 /SWCLK)
  (net 6 "Net-(C14-Pad2)")
  (net 7 /XIN)
  (net 8 /XOUT)
  (net 9 +1V2)
  (net 10 /PD1)
  (net 11 /PD2)
  (net 12 /PD3)
  (net 13 /PD4)
  (net 14 /PD5)
  (net 15 /PD6)
  (net 16 /PD7)
  (net 17 /PD8)
  (net 18 /PD9)
  (net 19 /PB5)
  (net 20 /PB4)
  (net 21 "Net-(U1-Pad45)")
  (net 22 /PD10)
  (net 23 /PD11)
  (net 24 /PD12)
  (net 25 /PA3)
  (net 26 /ERASE)
  (net 27 "Net-(U1-Pad37)")
  (net 28 /RESET)
  (net 29 /PA4)
  (net 30 /PA9)
  (net 31 /PA5)
  (net 32 /PA27)
  (net 33 /PA12)
  (net 34 /PA10)
  (net 35 /PA11)
  (net 36 /PD21)
  (net 37 /PD22)
  (net 38 /PA24)
  (net 39 /PD24)
  (net 40 /PD26)
  (net 41 /PD25)
  (net 42 /PA14)
  (net 43 /PA13)
  (net 44 /PA22)
  (net 45 /PA8)
  (net 46 /PA7)
  (net 47 /PA21)
  (net 48 /PB3)
  (net 49 /PB2)
  (net 50 /PB0)
  (net 51 /PB1)
  (net 52 /PD31)
  (net 53 /PD0)
  (net 54 "Net-(J1-Pad4)")
  (net 55 /USB_D+)
  (net 56 /USB_D-)
  (net 57 "Net-(D1-Pad1)")

  (net_class Default "This is the default net class."
    (clearance 0.175)
    (trace_width 0.175)
    (via_dia 0.5)
    (via_drill 0.25)
    (uvia_dia 0.3)
    (uvia_drill 0.1)
    (add_net /ERASE)
    (add_net /PA10)
    (add_net /PA11)
    (add_net /PA12)
    (add_net /PA13)
    (add_net /PA14)
    (add_net /PA21)
    (add_net /PA22)
    (add_net /PA24)
    (add_net /PA27)
    (add_net /PA3)
    (add_net /PA4)
    (add_net /PA5)
    (add_net /PA7)
    (add_net /PA8)
    (add_net /PA9)
    (add_net /PB0)
    (add_net /PB1)
    (add_net /PB2)
    (add_net /PB3)
    (add_net /PB4)
    (add_net /PB5)
    (add_net /PD0)
    (add_net /PD1)
    (add_net /PD10)
    (add_net /PD11)
    (add_net /PD12)
    (add_net /PD2)
    (add_net /PD21)
    (add_net /PD22)
    (add_net /PD24)
    (add_net /PD25)
    (add_net /PD26)
    (add_net /PD3)
    (add_net /PD31)
    (add_net /PD4)
    (add_net /PD5)
    (add_net /PD6)
    (add_net /PD7)
    (add_net /PD8)
    (add_net /PD9)
    (add_net /RESET)
    (add_net /SWCLK)
    (add_net /SWDIO)
    (add_net /USB_D+)
    (add_net /USB_D-)
    (add_net /XIN)
    (add_net /XOUT)
    (add_net GND)
    (add_net "Net-(C14-Pad2)")
    (add_net "Net-(D1-Pad1)")
    (add_net "Net-(J1-Pad4)")
    (add_net "Net-(U1-Pad37)")
    (add_net "Net-(U1-Pad45)")
  )

  (net_class Power ""
    (clearance 0.2)
    (trace_width 0.25)
    (via_dia 0.5)
    (via_drill 0.25)
    (uvia_dia 0.3)
    (uvia_drill 0.1)
    (add_net +1V2)
    (add_net +3V3)
    (add_net VBUS)
  )

  (module LED_SMD:LED_0603_1608Metric (layer F.Cu) (tedit 5A7E0350) (tstamp 5A952F54)
    (at 109.3 59.2)
    (descr "LED SMD 0603 (1608 Metric), square (rectangular) end terminal, IPC_7351 nominal, (Body size source: http://www.tortai-tech.com/upload/download/2011102023233369053.pdf), generated with kicad-footprint-generator")
    (tags diode)
    (path /5A80CD68)
    (attr smd)
    (fp_text reference D1 (at 0 -1.65) (layer F.SilkS) hide
      (effects (font (size 1 1) (thickness 0.15)))
    )
    (fp_text value PWR (at 0 1.65) (layer F.Fab)
      (effects (font (size 1 1) (thickness 0.15)))
    )
    (fp_line (start 0.8 -0.4) (end -0.5 -0.4) (layer F.Fab) (width 0.1))
    (fp_line (start -0.5 -0.4) (end -0.8 -0.1) (layer F.Fab) (width 0.1))
    (fp_line (start -0.8 -0.1) (end -0.8 0.4) (layer F.Fab) (width 0.1))
    (fp_line (start -0.8 0.4) (end 0.8 0.4) (layer F.Fab) (width 0.1))
    (fp_line (start 0.8 0.4) (end 0.8 -0.4) (layer F.Fab) (width 0.1))
    (fp_line (start 0.8 -0.76) (end -1.47 -0.76) (layer F.SilkS) (width 0.12))
    (fp_line (start -1.47 -0.76) (end -1.47 0.76) (layer F.SilkS) (width 0.12))
    (fp_line (start -1.47 0.76) (end 0.8 0.76) (layer F.SilkS) (width 0.12))
    (fp_line (start -1.46 0.75) (end -1.46 -0.75) (layer F.CrtYd) (width 0.05))
    (fp_line (start -1.46 -0.75) (end 1.46 -0.75) (layer F.CrtYd) (width 0.05))
    (fp_line (start 1.46 -0.75) (end 1.46 0.75) (layer F.CrtYd) (width 0.05))
    (fp_line (start 1.46 0.75) (end -1.46 0.75) (layer F.CrtYd) (width 0.05))
    (fp_text user %R (at 0 0) (layer F.Fab)
      (effects (font (size 0.5 0.5) (thickness 0.08)))
    )
    (pad 1 smd rect (at -0.875 0) (size 0.67 1) (layers F.Cu F.Paste F.Mask)
      (net 57 "Net-(D1-Pad1)"))
    (pad 2 smd rect (at 0.875 0) (size 0.67 1) (layers F.Cu F.Paste F.Mask)
      (net 1 VBUS))
    (model ${KISYS3DMOD}/LED_SMD.3dshapes/LED_0603_1608Metric.wrl
      (at (xyz 0 0 0))
      (scale (xyz 1 1 1))
      (rotate (xyz 0 0 0))
    )
    (model E:/Desktop/LED_0603.wrl
      (at (xyz 0 0 0))
      (scale (xyz 1 1 1))
      (rotate (xyz 0 0 0))
    )
  )

  (module Resistor_SMD:R_0603_1608Metric (layer F.Cu) (tedit 5A7E0352) (tstamp 5A952D8D)
    (at 109.3 57.5)
    (descr "Resistor SMD 0603 (1608 Metric), square (rectangular) end terminal, IPC_7351 nominal, (Body size source: http://www.tortai-tech.com/upload/download/2011102023233369053.pdf), generated with kicad-footprint-generator")
    (tags resistor)
    (path /5A85C134)
    (attr smd)
    (fp_text reference R8 (at 0 -1.65) (layer F.SilkS) hide
      (effects (font (size 1 1) (thickness 0.15)))
    )
    (fp_text value 560R (at 0 1.65) (layer F.Fab)
      (effects (font (size 1 1) (thickness 0.15)))
    )
    (fp_line (start -0.8 0.4) (end -0.8 -0.4) (layer F.Fab) (width 0.1))
    (fp_line (start -0.8 -0.4) (end 0.8 -0.4) (layer F.Fab) (width 0.1))
    (fp_line (start 0.8 -0.4) (end 0.8 0.4) (layer F.Fab) (width 0.1))
    (fp_line (start 0.8 0.4) (end -0.8 0.4) (layer F.Fab) (width 0.1))
    (fp_line (start -0.22 -0.51) (end 0.22 -0.51) (layer F.SilkS) (width 0.12))
    (fp_line (start -0.22 0.51) (end 0.22 0.51) (layer F.SilkS) (width 0.12))
    (fp_line (start -1.46 0.75) (end -1.46 -0.75) (layer F.CrtYd) (width 0.05))
    (fp_line (start -1.46 -0.75) (end 1.46 -0.75) (layer F.CrtYd) (width 0.05))
    (fp_line (start 1.46 -0.75) (end 1.46 0.75) (layer F.CrtYd) (width 0.05))
    (fp_line (start 1.46 0.75) (end -1.46 0.75) (layer F.CrtYd) (width 0.05))
    (fp_text user %R (at 0 0) (layer F.Fab)
      (effects (font (size 0.5 0.5) (thickness 0.08)))
    )
    (pad 1 smd rect (at -0.875 0) (size 0.67 1) (layers F.Cu F.Paste F.Mask)
      (net 57 "Net-(D1-Pad1)"))
    (pad 2 smd rect (at 0.875 0) (size 0.67 1) (layers F.Cu F.Paste F.Mask)
      (net 3 GND))
    (model ${KISYS3DMOD}/Resistor_SMD.3dshapes/R_0603_1608Metric.wrl
      (at (xyz 0 0 0))
      (scale (xyz 1 1 1))
      (rotate (xyz 0 0 0))
    )
  )

  (module Capacitor_SMD:C_0603_1608Metric (layer F.Cu) (tedit 5A7DFDC4) (tstamp 5A950B1B)
    (at 126.6 56.7 315)
    (descr "Capacitor SMD 0603 (1608 Metric), square (rectangular) end terminal, IPC_7351 nominal, (Body size source: http://www.tortai-tech.com/upload/download/2011102023233369053.pdf), generated with kicad-footprint-generator")
    (tags capacitor)
    (path /5A8A2699)
    (attr smd)
    (fp_text reference C13 (at 0 -1.65 315) (layer F.SilkS) hide
      (effects (font (size 1 1) (thickness 0.15)))
    )
    (fp_text value 0.1uF (at 0 1.65 315) (layer F.Fab)
      (effects (font (size 1 1) (thickness 0.15)))
    )
    (fp_text user %R (at 0 0 315) (layer F.Fab)
      (effects (font (size 0.5 0.5) (thickness 0.08)))
    )
    (fp_line (start 1.46 0.75) (end -1.46 0.75) (layer F.CrtYd) (width 0.05))
    (fp_line (start 1.46 -0.75) (end 1.46 0.75) (layer F.CrtYd) (width 0.05))
    (fp_line (start -1.46 -0.75) (end 1.46 -0.75) (layer F.CrtYd) (width 0.05))
    (fp_line (start -1.46 0.75) (end -1.46 -0.75) (layer F.CrtYd) (width 0.05))
    (fp_line (start -0.22 0.51) (end 0.22 0.51) (layer F.SilkS) (width 0.12))
    (fp_line (start -0.22 -0.51) (end 0.22 -0.51) (layer F.SilkS) (width 0.12))
    (fp_line (start 0.8 0.4) (end -0.8 0.4) (layer F.Fab) (width 0.1))
    (fp_line (start 0.8 -0.4) (end 0.8 0.4) (layer F.Fab) (width 0.1))
    (fp_line (start -0.8 -0.4) (end 0.8 -0.4) (layer F.Fab) (width 0.1))
    (fp_line (start -0.8 0.4) (end -0.8 -0.4) (layer F.Fab) (width 0.1))
    (pad 2 smd rect (at 0.875 0 315) (size 0.67 1) (layers F.Cu F.Paste F.Mask)
      (net 9 +1V2))
    (pad 1 smd rect (at -0.875 0 315) (size 0.67 1) (layers F.Cu F.Paste F.Mask)
      (net 3 GND))
    (model ${KISYS3DMOD}/Capacitor_SMD.3dshapes/C_0603_1608Metric.wrl
      (at (xyz 0 0 0))
      (scale (xyz 1 1 1))
      (rotate (xyz 0 0 0))
    )
  )

  (module Capacitor_SMD:C_0603_1608Metric (layer F.Cu) (tedit 5A7E01CF) (tstamp 5A950B0B)
    (at 121.4 63.5 45)
    (descr "Capacitor SMD 0603 (1608 Metric), square (rectangular) end terminal, IPC_7351 nominal, (Body size source: http://www.tortai-tech.com/upload/download/2011102023233369053.pdf), generated with kicad-footprint-generator")
    (tags capacitor)
    (path /5A89002F)
    (attr smd)
    (fp_text reference C14 (at 0 -1.65 45) (layer F.SilkS) hide
      (effects (font (size 1 1) (thickness 0.15)))
    )
    (fp_text value 4.7uF (at 0 1.65 45) (layer F.Fab)
      (effects (font (size 1 1) (thickness 0.15)))
    )
    (fp_line (start -0.8 0.4) (end -0.8 -0.4) (layer F.Fab) (width 0.1))
    (fp_line (start -0.8 -0.4) (end 0.8 -0.4) (layer F.Fab) (width 0.1))
    (fp_line (start 0.8 -0.4) (end 0.8 0.4) (layer F.Fab) (width 0.1))
    (fp_line (start 0.8 0.4) (end -0.8 0.4) (layer F.Fab) (width 0.1))
    (fp_line (start -0.22 -0.51) (end 0.22 -0.51) (layer F.SilkS) (width 0.12))
    (fp_line (start -0.22 0.51) (end 0.22 0.51) (layer F.SilkS) (width 0.12))
    (fp_line (start -1.46 0.75) (end -1.46 -0.75) (layer F.CrtYd) (width 0.05))
    (fp_line (start -1.46 -0.75) (end 1.46 -0.75) (layer F.CrtYd) (width 0.05))
    (fp_line (start 1.46 -0.75) (end 1.46 0.75) (layer F.CrtYd) (width 0.05))
    (fp_line (start 1.46 0.75) (end -1.46 0.75) (layer F.CrtYd) (width 0.05))
    (fp_text user %R (at 0 0 45) (layer F.Fab)
      (effects (font (size 0.5 0.5) (thickness 0.08)))
    )
    (pad 1 smd rect (at -0.875 0 45) (size 0.67 1) (layers F.Cu F.Paste F.Mask)
      (net 3 GND))
    (pad 2 smd rect (at 0.875 0 45) (size 0.67 1) (layers F.Cu F.Paste F.Mask)
      (net 6 "Net-(C14-Pad2)"))
    (model ${KISYS3DMOD}/Capacitor_SMD.3dshapes/C_0603_1608Metric.wrl
      (at (xyz 0 0 0))
      (scale (xyz 1 1 1))
      (rotate (xyz 0 0 0))
    )
  )

  (module Capacitor_SMD:C_0603_1608Metric (layer F.Cu) (tedit 5A7DFC7D) (tstamp 5A950AFB)
    (at 115.3 67)
    (descr "Capacitor SMD 0603 (1608 Metric), square (rectangular) end terminal, IPC_7351 nominal, (Body size source: http://www.tortai-tech.com/upload/download/2011102023233369053.pdf), generated with kicad-footprint-generator")
    (tags capacitor)
    (path /5A905B23)
    (attr smd)
    (fp_text reference C15 (at 0 -1.65) (layer F.SilkS) hide
      (effects (font (size 1 1) (thickness 0.15)))
    )
    (fp_text value 1uF (at 0 1.65) (layer F.Fab)
      (effects (font (size 1 1) (thickness 0.15)))
    )
    (fp_text user %R (at 0 0) (layer F.Fab)
      (effects (font (size 0.5 0.5) (thickness 0.08)))
    )
    (fp_line (start 1.46 0.75) (end -1.46 0.75) (layer F.CrtYd) (width 0.05))
    (fp_line (start 1.46 -0.75) (end 1.46 0.75) (layer F.CrtYd) (width 0.05))
    (fp_line (start -1.46 -0.75) (end 1.46 -0.75) (layer F.CrtYd) (width 0.05))
    (fp_line (start -1.46 0.75) (end -1.46 -0.75) (layer F.CrtYd) (width 0.05))
    (fp_line (start -0.22 0.51) (end 0.22 0.51) (layer F.SilkS) (width 0.12))
    (fp_line (start -0.22 -0.51) (end 0.22 -0.51) (layer F.SilkS) (width 0.12))
    (fp_line (start 0.8 0.4) (end -0.8 0.4) (layer F.Fab) (width 0.1))
    (fp_line (start 0.8 -0.4) (end 0.8 0.4) (layer F.Fab) (width 0.1))
    (fp_line (start -0.8 -0.4) (end 0.8 -0.4) (layer F.Fab) (width 0.1))
    (fp_line (start -0.8 0.4) (end -0.8 -0.4) (layer F.Fab) (width 0.1))
    (pad 2 smd rect (at 0.875 0) (size 0.67 1) (layers F.Cu F.Paste F.Mask)
      (net 1 VBUS))
    (pad 1 smd rect (at -0.875 0) (size 0.67 1) (layers F.Cu F.Paste F.Mask)
      (net 3 GND))
    (model ${KISYS3DMOD}/Capacitor_SMD.3dshapes/C_0603_1608Metric.wrl
      (at (xyz 0 0 0))
      (scale (xyz 1 1 1))
      (rotate (xyz 0 0 0))
    )
  )

  (module Capacitor_SMD:C_0603_1608Metric (layer F.Cu) (tedit 5A7DFE23) (tstamp 5A950AEB)
    (at 112.9 69.6 90)
    (descr "Capacitor SMD 0603 (1608 Metric), square (rectangular) end terminal, IPC_7351 nominal, (Body size source: http://www.tortai-tech.com/upload/download/2011102023233369053.pdf), generated with kicad-footprint-generator")
    (tags capacitor)
    (path /5A905ACF)
    (attr smd)
    (fp_text reference C16 (at 0 -1.65 90) (layer F.SilkS) hide
      (effects (font (size 1 1) (thickness 0.15)))
    )
    (fp_text value 1uF (at 0 1.65 90) (layer F.Fab)
      (effects (font (size 1 1) (thickness 0.15)))
    )
    (fp_line (start -0.8 0.4) (end -0.8 -0.4) (layer F.Fab) (width 0.1))
    (fp_line (start -0.8 -0.4) (end 0.8 -0.4) (layer F.Fab) (width 0.1))
    (fp_line (start 0.8 -0.4) (end 0.8 0.4) (layer F.Fab) (width 0.1))
    (fp_line (start 0.8 0.4) (end -0.8 0.4) (layer F.Fab) (width 0.1))
    (fp_line (start -0.22 -0.51) (end 0.22 -0.51) (layer F.SilkS) (width 0.12))
    (fp_line (start -0.22 0.51) (end 0.22 0.51) (layer F.SilkS) (width 0.12))
    (fp_line (start -1.46 0.75) (end -1.46 -0.75) (layer F.CrtYd) (width 0.05))
    (fp_line (start -1.46 -0.75) (end 1.46 -0.75) (layer F.CrtYd) (width 0.05))
    (fp_line (start 1.46 -0.75) (end 1.46 0.75) (layer F.CrtYd) (width 0.05))
    (fp_line (start 1.46 0.75) (end -1.46 0.75) (layer F.CrtYd) (width 0.05))
    (fp_text user %R (at 0 0 90) (layer F.Fab)
      (effects (font (size 0.5 0.5) (thickness 0.08)))
    )
    (pad 1 smd rect (at -0.875 0 90) (size 0.67 1) (layers F.Cu F.Paste F.Mask)
      (net 2 +3V3))
    (pad 2 smd rect (at 0.875 0 90) (size 0.67 1) (layers F.Cu F.Paste F.Mask)
      (net 3 GND))
    (model ${KISYS3DMOD}/Capacitor_SMD.3dshapes/C_0603_1608Metric.wrl
      (at (xyz 0 0 0))
      (scale (xyz 1 1 1))
      (rotate (xyz 0 0 0))
    )
  )

  (module Capacitor_SMD:C_0603_1608Metric (layer F.Cu) (tedit 5A7DFE26) (tstamp 5A950ADB)
    (at 111.25 71.25 90)
    (descr "Capacitor SMD 0603 (1608 Metric), square (rectangular) end terminal, IPC_7351 nominal, (Body size source: http://www.tortai-tech.com/upload/download/2011102023233369053.pdf), generated with kicad-footprint-generator")
    (tags capacitor)
    (path /5A93CD6B)
    (attr smd)
    (fp_text reference C1 (at 0 -1.65 90) (layer F.SilkS) hide
      (effects (font (size 1 1) (thickness 0.15)))
    )
    (fp_text value 4.7uF (at 0 1.65 90) (layer F.Fab)
      (effects (font (size 1 1) (thickness 0.15)))
    )
    (fp_text user %R (at 0 0 90) (layer F.Fab)
      (effects (font (size 0.5 0.5) (thickness 0.08)))
    )
    (fp_line (start 1.46 0.75) (end -1.46 0.75) (layer F.CrtYd) (width 0.05))
    (fp_line (start 1.46 -0.75) (end 1.46 0.75) (layer F.CrtYd) (width 0.05))
    (fp_line (start -1.46 -0.75) (end 1.46 -0.75) (layer F.CrtYd) (width 0.05))
    (fp_line (start -1.46 0.75) (end -1.46 -0.75) (layer F.CrtYd) (width 0.05))
    (fp_line (start -0.22 0.51) (end 0.22 0.51) (layer F.SilkS) (width 0.12))
    (fp_line (start -0.22 -0.51) (end 0.22 -0.51) (layer F.SilkS) (width 0.12))
    (fp_line (start 0.8 0.4) (end -0.8 0.4) (layer F.Fab) (width 0.1))
    (fp_line (start 0.8 -0.4) (end 0.8 0.4) (layer F.Fab) (width 0.1))
    (fp_line (start -0.8 -0.4) (end 0.8 -0.4) (layer F.Fab) (width 0.1))
    (fp_line (start -0.8 0.4) (end -0.8 -0.4) (layer F.Fab) (width 0.1))
    (pad 2 smd rect (at 0.875 0 90) (size 0.67 1) (layers F.Cu F.Paste F.Mask)
      (net 1 VBUS))
    (pad 1 smd rect (at -0.875 0 90) (size 0.67 1) (layers F.Cu F.Paste F.Mask)
      (net 3 GND))
    (model ${KISYS3DMOD}/Capacitor_SMD.3dshapes/C_0603_1608Metric.wrl
      (at (xyz 0 0 0))
      (scale (xyz 1 1 1))
      (rotate (xyz 0 0 0))
    )
  )

  (module Capacitor_SMD:C_0603_1608Metric (layer F.Cu) (tedit 5A7E01DD) (tstamp 5A950ACB)
    (at 122.7 68.8 45)
    (descr "Capacitor SMD 0603 (1608 Metric), square (rectangular) end terminal, IPC_7351 nominal, (Body size source: http://www.tortai-tech.com/upload/download/2011102023233369053.pdf), generated with kicad-footprint-generator")
    (tags capacitor)
    (path /5A8CA0DB)
    (attr smd)
    (fp_text reference C11 (at 0 -1.65 45) (layer F.SilkS) hide
      (effects (font (size 1 1) (thickness 0.15)))
    )
    (fp_text value 0.1uF (at 0 1.65 45) (layer F.Fab)
      (effects (font (size 1 1) (thickness 0.15)))
    )
    (fp_line (start -0.8 0.4) (end -0.8 -0.4) (layer F.Fab) (width 0.1))
    (fp_line (start -0.8 -0.4) (end 0.8 -0.4) (layer F.Fab) (width 0.1))
    (fp_line (start 0.8 -0.4) (end 0.8 0.4) (layer F.Fab) (width 0.1))
    (fp_line (start 0.8 0.4) (end -0.8 0.4) (layer F.Fab) (width 0.1))
    (fp_line (start -0.22 -0.51) (end 0.22 -0.51) (layer F.SilkS) (width 0.12))
    (fp_line (start -0.22 0.51) (end 0.22 0.51) (layer F.SilkS) (width 0.12))
    (fp_line (start -1.46 0.75) (end -1.46 -0.75) (layer F.CrtYd) (width 0.05))
    (fp_line (start -1.46 -0.75) (end 1.46 -0.75) (layer F.CrtYd) (width 0.05))
    (fp_line (start 1.46 -0.75) (end 1.46 0.75) (layer F.CrtYd) (width 0.05))
    (fp_line (start 1.46 0.75) (end -1.46 0.75) (layer F.CrtYd) (width 0.05))
    (fp_text user %R (at 0 0 45) (layer F.Fab)
      (effects (font (size 0.5 0.5) (thickness 0.08)))
    )
    (pad 1 smd rect (at -0.875 0 45) (size 0.67 1) (layers F.Cu F.Paste F.Mask)
      (net 3 GND))
    (pad 2 smd rect (at 0.875 0 45) (size 0.67 1) (layers F.Cu F.Paste F.Mask)
      (net 9 +1V2))
    (model ${KISYS3DMOD}/Capacitor_SMD.3dshapes/C_0603_1608Metric.wrl
      (at (xyz 0 0 0))
      (scale (xyz 1 1 1))
      (rotate (xyz 0 0 0))
    )
  )

  (module Capacitor_SMD:C_0603_1608Metric (layer F.Cu) (tedit 5A7DFFD7) (tstamp 5A950ABB)
    (at 121.8 67.9 45)
    (descr "Capacitor SMD 0603 (1608 Metric), square (rectangular) end terminal, IPC_7351 nominal, (Body size source: http://www.tortai-tech.com/upload/download/2011102023233369053.pdf), generated with kicad-footprint-generator")
    (tags capacitor)
    (path /5A8CE510)
    (attr smd)
    (fp_text reference C10 (at 0 -1.65 45) (layer F.SilkS) hide
      (effects (font (size 1 1) (thickness 0.15)))
    )
    (fp_text value 1uF (at 0 1.65 45) (layer F.Fab)
      (effects (font (size 1 1) (thickness 0.15)))
    )
    (fp_text user %R (at 0 0 45) (layer F.Fab)
      (effects (font (size 0.5 0.5) (thickness 0.08)))
    )
    (fp_line (start 1.46 0.75) (end -1.46 0.75) (layer F.CrtYd) (width 0.05))
    (fp_line (start 1.46 -0.75) (end 1.46 0.75) (layer F.CrtYd) (width 0.05))
    (fp_line (start -1.46 -0.75) (end 1.46 -0.75) (layer F.CrtYd) (width 0.05))
    (fp_line (start -1.46 0.75) (end -1.46 -0.75) (layer F.CrtYd) (width 0.05))
    (fp_line (start -0.22 0.51) (end 0.22 0.51) (layer F.SilkS) (width 0.12))
    (fp_line (start -0.22 -0.51) (end 0.22 -0.51) (layer F.SilkS) (width 0.12))
    (fp_line (start 0.8 0.4) (end -0.8 0.4) (layer F.Fab) (width 0.1))
    (fp_line (start 0.8 -0.4) (end 0.8 0.4) (layer F.Fab) (width 0.1))
    (fp_line (start -0.8 -0.4) (end 0.8 -0.4) (layer F.Fab) (width 0.1))
    (fp_line (start -0.8 0.4) (end -0.8 -0.4) (layer F.Fab) (width 0.1))
    (pad 2 smd rect (at 0.875 0 45) (size 0.67 1) (layers F.Cu F.Paste F.Mask)
      (net 9 +1V2))
    (pad 1 smd rect (at -0.875 0 45) (size 0.67 1) (layers F.Cu F.Paste F.Mask)
      (net 3 GND))
    (model ${KISYS3DMOD}/Capacitor_SMD.3dshapes/C_0603_1608Metric.wrl
      (at (xyz 0 0 0))
      (scale (xyz 1 1 1))
      (rotate (xyz 0 0 0))
    )
  )

  (module Capacitor_SMD:C_0603_1608Metric (layer F.Cu) (tedit 5A7DFE58) (tstamp 5A950AAB)
    (at 124.3 58.8 135)
    (descr "Capacitor SMD 0603 (1608 Metric), square (rectangular) end terminal, IPC_7351 nominal, (Body size source: http://www.tortai-tech.com/upload/download/2011102023233369053.pdf), generated with kicad-footprint-generator")
    (tags capacitor)
    (path /5A842B8C)
    (attr smd)
    (fp_text reference C9 (at 0 -1.65 135) (layer F.SilkS) hide
      (effects (font (size 1 1) (thickness 0.15)))
    )
    (fp_text value 0.1uF (at 0 1.65 135) (layer F.Fab)
      (effects (font (size 1 1) (thickness 0.15)))
    )
    (fp_line (start -0.8 0.4) (end -0.8 -0.4) (layer F.Fab) (width 0.1))
    (fp_line (start -0.8 -0.4) (end 0.8 -0.4) (layer F.Fab) (width 0.1))
    (fp_line (start 0.8 -0.4) (end 0.8 0.4) (layer F.Fab) (width 0.1))
    (fp_line (start 0.8 0.4) (end -0.8 0.4) (layer F.Fab) (width 0.1))
    (fp_line (start -0.22 -0.51) (end 0.22 -0.51) (layer F.SilkS) (width 0.12))
    (fp_line (start -0.22 0.51) (end 0.22 0.51) (layer F.SilkS) (width 0.12))
    (fp_line (start -1.46 0.75) (end -1.46 -0.75) (layer F.CrtYd) (width 0.05))
    (fp_line (start -1.46 -0.75) (end 1.46 -0.75) (layer F.CrtYd) (width 0.05))
    (fp_line (start 1.46 -0.75) (end 1.46 0.75) (layer F.CrtYd) (width 0.05))
    (fp_line (start 1.46 0.75) (end -1.46 0.75) (layer F.CrtYd) (width 0.05))
    (fp_text user %R (at 0 0 135) (layer F.Fab)
      (effects (font (size 0.5 0.5) (thickness 0.08)))
    )
    (pad 1 smd rect (at -0.875 0 135) (size 0.67 1) (layers F.Cu F.Paste F.Mask)
      (net 2 +3V3))
    (pad 2 smd rect (at 0.875 0 135) (size 0.67 1) (layers F.Cu F.Paste F.Mask)
      (net 3 GND))
    (model ${KISYS3DMOD}/Capacitor_SMD.3dshapes/C_0603_1608Metric.wrl
      (at (xyz 0 0 0))
      (scale (xyz 1 1 1))
      (rotate (xyz 0 0 0))
    )
  )

  (module Capacitor_SMD:C_0603_1608Metric (layer F.Cu) (tedit 5A7DFDFC) (tstamp 5A950A9B)
    (at 135.6 57.4 45)
    (descr "Capacitor SMD 0603 (1608 Metric), square (rectangular) end terminal, IPC_7351 nominal, (Body size source: http://www.tortai-tech.com/upload/download/2011102023233369053.pdf), generated with kicad-footprint-generator")
    (tags capacitor)
    (path /5A8457E9)
    (attr smd)
    (fp_text reference C8 (at 0 -1.65 45) (layer F.SilkS) hide
      (effects (font (size 1 1) (thickness 0.15)))
    )
    (fp_text value 0.1uF (at 0 1.65 45) (layer F.Fab)
      (effects (font (size 1 1) (thickness 0.15)))
    )
    (fp_text user %R (at 0 0 45) (layer F.Fab)
      (effects (font (size 0.5 0.5) (thickness 0.08)))
    )
    (fp_line (start 1.46 0.75) (end -1.46 0.75) (layer F.CrtYd) (width 0.05))
    (fp_line (start 1.46 -0.75) (end 1.46 0.75) (layer F.CrtYd) (width 0.05))
    (fp_line (start -1.46 -0.75) (end 1.46 -0.75) (layer F.CrtYd) (width 0.05))
    (fp_line (start -1.46 0.75) (end -1.46 -0.75) (layer F.CrtYd) (width 0.05))
    (fp_line (start -0.22 0.51) (end 0.22 0.51) (layer F.SilkS) (width 0.12))
    (fp_line (start -0.22 -0.51) (end 0.22 -0.51) (layer F.SilkS) (width 0.12))
    (fp_line (start 0.8 0.4) (end -0.8 0.4) (layer F.Fab) (width 0.1))
    (fp_line (start 0.8 -0.4) (end 0.8 0.4) (layer F.Fab) (width 0.1))
    (fp_line (start -0.8 -0.4) (end 0.8 -0.4) (layer F.Fab) (width 0.1))
    (fp_line (start -0.8 0.4) (end -0.8 -0.4) (layer F.Fab) (width 0.1))
    (pad 2 smd rect (at 0.875 0 45) (size 0.67 1) (layers F.Cu F.Paste F.Mask)
      (net 3 GND))
    (pad 1 smd rect (at -0.875 0 45) (size 0.67 1) (layers F.Cu F.Paste F.Mask)
      (net 2 +3V3))
    (model ${KISYS3DMOD}/Capacitor_SMD.3dshapes/C_0603_1608Metric.wrl
      (at (xyz 0 0 0))
      (scale (xyz 1 1 1))
      (rotate (xyz 0 0 0))
    )
  )

  (module Capacitor_SMD:C_0603_1608Metric (layer F.Cu) (tedit 59FE48B8) (tstamp 5A950A8B)
    (at 125.3 71.3 225)
    (descr "Capacitor SMD 0603 (1608 Metric), square (rectangular) end terminal, IPC_7351 nominal, (Body size source: http://www.tortai-tech.com/upload/download/2011102023233369053.pdf), generated with kicad-footprint-generator")
    (tags capacitor)
    (path /5A84580B)
    (attr smd)
    (fp_text reference C7 (at 0 -1.65 225) (layer F.SilkS)
      (effects (font (size 1 1) (thickness 0.15)))
    )
    (fp_text value 0.1uF (at 0 1.65 225) (layer F.Fab)
      (effects (font (size 1 1) (thickness 0.15)))
    )
    (fp_line (start -0.8 0.4) (end -0.8 -0.4) (layer F.Fab) (width 0.1))
    (fp_line (start -0.8 -0.4) (end 0.8 -0.4) (layer F.Fab) (width 0.1))
    (fp_line (start 0.8 -0.4) (end 0.8 0.4) (layer F.Fab) (width 0.1))
    (fp_line (start 0.8 0.4) (end -0.8 0.4) (layer F.Fab) (width 0.1))
    (fp_line (start -0.22 -0.51) (end 0.22 -0.51) (layer F.SilkS) (width 0.12))
    (fp_line (start -0.22 0.51) (end 0.22 0.51) (layer F.SilkS) (width 0.12))
    (fp_line (start -1.46 0.75) (end -1.46 -0.75) (layer F.CrtYd) (width 0.05))
    (fp_line (start -1.46 -0.75) (end 1.46 -0.75) (layer F.CrtYd) (width 0.05))
    (fp_line (start 1.46 -0.75) (end 1.46 0.75) (layer F.CrtYd) (width 0.05))
    (fp_line (start 1.46 0.75) (end -1.46 0.75) (layer F.CrtYd) (width 0.05))
    (fp_text user %R (at 0 0 225) (layer F.Fab)
      (effects (font (size 0.5 0.5) (thickness 0.08)))
    )
    (pad 1 smd rect (at -0.875 0 225) (size 0.67 1) (layers F.Cu F.Paste F.Mask)
      (net 2 +3V3))
    (pad 2 smd rect (at 0.875 0 225) (size 0.67 1) (layers F.Cu F.Paste F.Mask)
      (net 3 GND))
    (model ${KISYS3DMOD}/Capacitor_SMD.3dshapes/C_0603_1608Metric.wrl
      (at (xyz 0 0 0))
      (scale (xyz 1 1 1))
      (rotate (xyz 0 0 0))
    )
  )

  (module Capacitor_SMD:C_0603_1608Metric (layer F.Cu) (tedit 5A7DFFE1) (tstamp 5A950A7B)
    (at 122.8 60.4 135)
    (descr "Capacitor SMD 0603 (1608 Metric), square (rectangular) end terminal, IPC_7351 nominal, (Body size source: http://www.tortai-tech.com/upload/download/2011102023233369053.pdf), generated with kicad-footprint-generator")
    (tags capacitor)
    (path /5A87048F)
    (attr smd)
    (fp_text reference C6 (at 0 -1.65 135) (layer F.SilkS) hide
      (effects (font (size 1 1) (thickness 0.15)))
    )
    (fp_text value 0.1uF (at 0 1.65 135) (layer F.Fab)
      (effects (font (size 1 1) (thickness 0.15)))
    )
    (fp_text user %R (at 0 0 135) (layer F.Fab)
      (effects (font (size 0.5 0.5) (thickness 0.08)))
    )
    (fp_line (start 1.46 0.75) (end -1.46 0.75) (layer F.CrtYd) (width 0.05))
    (fp_line (start 1.46 -0.75) (end 1.46 0.75) (layer F.CrtYd) (width 0.05))
    (fp_line (start -1.46 -0.75) (end 1.46 -0.75) (layer F.CrtYd) (width 0.05))
    (fp_line (start -1.46 0.75) (end -1.46 -0.75) (layer F.CrtYd) (width 0.05))
    (fp_line (start -0.22 0.51) (end 0.22 0.51) (layer F.SilkS) (width 0.12))
    (fp_line (start -0.22 -0.51) (end 0.22 -0.51) (layer F.SilkS) (width 0.12))
    (fp_line (start 0.8 0.4) (end -0.8 0.4) (layer F.Fab) (width 0.1))
    (fp_line (start 0.8 -0.4) (end 0.8 0.4) (layer F.Fab) (width 0.1))
    (fp_line (start -0.8 -0.4) (end 0.8 -0.4) (layer F.Fab) (width 0.1))
    (fp_line (start -0.8 0.4) (end -0.8 -0.4) (layer F.Fab) (width 0.1))
    (pad 2 smd rect (at 0.875 0 135) (size 0.67 1) (layers F.Cu F.Paste F.Mask)
      (net 3 GND))
    (pad 1 smd rect (at -0.875 0 135) (size 0.67 1) (layers F.Cu F.Paste F.Mask)
      (net 9 +1V2))
    (model ${KISYS3DMOD}/Capacitor_SMD.3dshapes/C_0603_1608Metric.wrl
      (at (xyz 0 0 0))
      (scale (xyz 1 1 1))
      (rotate (xyz 0 0 0))
    )
  )

  (module Capacitor_SMD:C_0603_1608Metric (layer F.Cu) (tedit 5A7DFDED) (tstamp 5A950A6B)
    (at 136.7 71 315)
    (descr "Capacitor SMD 0603 (1608 Metric), square (rectangular) end terminal, IPC_7351 nominal, (Body size source: http://www.tortai-tech.com/upload/download/2011102023233369053.pdf), generated with kicad-footprint-generator")
    (tags capacitor)
    (path /5A870496)
    (attr smd)
    (fp_text reference C5 (at 0 -1.65 315) (layer F.SilkS) hide
      (effects (font (size 1 1) (thickness 0.15)))
    )
    (fp_text value 0.1uF (at 0 1.65 315) (layer F.Fab)
      (effects (font (size 1 1) (thickness 0.15)))
    )
    (fp_line (start -0.8 0.4) (end -0.8 -0.4) (layer F.Fab) (width 0.1))
    (fp_line (start -0.8 -0.4) (end 0.8 -0.4) (layer F.Fab) (width 0.1))
    (fp_line (start 0.8 -0.4) (end 0.8 0.4) (layer F.Fab) (width 0.1))
    (fp_line (start 0.8 0.4) (end -0.8 0.4) (layer F.Fab) (width 0.1))
    (fp_line (start -0.22 -0.51) (end 0.22 -0.51) (layer F.SilkS) (width 0.12))
    (fp_line (start -0.22 0.51) (end 0.22 0.51) (layer F.SilkS) (width 0.12))
    (fp_line (start -1.46 0.75) (end -1.46 -0.75) (layer F.CrtYd) (width 0.05))
    (fp_line (start -1.46 -0.75) (end 1.46 -0.75) (layer F.CrtYd) (width 0.05))
    (fp_line (start 1.46 -0.75) (end 1.46 0.75) (layer F.CrtYd) (width 0.05))
    (fp_line (start 1.46 0.75) (end -1.46 0.75) (layer F.CrtYd) (width 0.05))
    (fp_text user %R (at 0 0 315) (layer F.Fab)
      (effects (font (size 0.5 0.5) (thickness 0.08)))
    )
    (pad 1 smd rect (at -0.875 0 315) (size 0.67 1) (layers F.Cu F.Paste F.Mask)
      (net 9 +1V2))
    (pad 2 smd rect (at 0.875 0 315) (size 0.67 1) (layers F.Cu F.Paste F.Mask)
      (net 3 GND))
    (model ${KISYS3DMOD}/Capacitor_SMD.3dshapes/C_0603_1608Metric.wrl
      (at (xyz 0 0 0))
      (scale (xyz 1 1 1))
      (rotate (xyz 0 0 0))
    )
  )

  (module Capacitor_SMD:C_0603_1608Metric (layer F.Cu) (tedit 5A7DFFD1) (tstamp 5A950A5B)
    (at 126.7 72.7 225)
    (descr "Capacitor SMD 0603 (1608 Metric), square (rectangular) end terminal, IPC_7351 nominal, (Body size source: http://www.tortai-tech.com/upload/download/2011102023233369053.pdf), generated with kicad-footprint-generator")
    (tags capacitor)
    (path /5A87049C)
    (attr smd)
    (fp_text reference C4 (at 0 -1.65 225) (layer F.SilkS) hide
      (effects (font (size 1 1) (thickness 0.15)))
    )
    (fp_text value 0.1uF (at 0 1.65 225) (layer F.Fab)
      (effects (font (size 1 1) (thickness 0.15)))
    )
    (fp_text user %R (at 0 0 225) (layer F.Fab)
      (effects (font (size 0.5 0.5) (thickness 0.08)))
    )
    (fp_line (start 1.46 0.75) (end -1.46 0.75) (layer F.CrtYd) (width 0.05))
    (fp_line (start 1.46 -0.75) (end 1.46 0.75) (layer F.CrtYd) (width 0.05))
    (fp_line (start -1.46 -0.75) (end 1.46 -0.75) (layer F.CrtYd) (width 0.05))
    (fp_line (start -1.46 0.75) (end -1.46 -0.75) (layer F.CrtYd) (width 0.05))
    (fp_line (start -0.22 0.51) (end 0.22 0.51) (layer F.SilkS) (width 0.12))
    (fp_line (start -0.22 -0.51) (end 0.22 -0.51) (layer F.SilkS) (width 0.12))
    (fp_line (start 0.8 0.4) (end -0.8 0.4) (layer F.Fab) (width 0.1))
    (fp_line (start 0.8 -0.4) (end 0.8 0.4) (layer F.Fab) (width 0.1))
    (fp_line (start -0.8 -0.4) (end 0.8 -0.4) (layer F.Fab) (width 0.1))
    (fp_line (start -0.8 0.4) (end -0.8 -0.4) (layer F.Fab) (width 0.1))
    (pad 2 smd rect (at 0.875 0 225) (size 0.67 1) (layers F.Cu F.Paste F.Mask)
      (net 3 GND))
    (pad 1 smd rect (at -0.875 0 225) (size 0.67 1) (layers F.Cu F.Paste F.Mask)
      (net 9 +1V2))
    (model ${KISYS3DMOD}/Capacitor_SMD.3dshapes/C_0603_1608Metric.wrl
      (at (xyz 0 0 0))
      (scale (xyz 1 1 1))
      (rotate (xyz 0 0 0))
    )
  )

  (module Capacitor_SMD:C_0603_1608Metric (layer F.Cu) (tedit 5A7E01C9) (tstamp 5A950A4B)
    (at 120.74928 60.752601 135)
    (descr "Capacitor SMD 0603 (1608 Metric), square (rectangular) end terminal, IPC_7351 nominal, (Body size source: http://www.tortai-tech.com/upload/download/2011102023233369053.pdf), generated with kicad-footprint-generator")
    (tags capacitor)
    (path /5A80CFC3)
    (attr smd)
    (fp_text reference C3 (at 0 -1.65 135) (layer F.SilkS) hide
      (effects (font (size 1 1) (thickness 0.15)))
    )
    (fp_text value 12pF (at 0 1.65 135) (layer F.Fab)
      (effects (font (size 1 1) (thickness 0.15)))
    )
    (fp_line (start -0.8 0.4) (end -0.8 -0.4) (layer F.Fab) (width 0.1))
    (fp_line (start -0.8 -0.4) (end 0.8 -0.4) (layer F.Fab) (width 0.1))
    (fp_line (start 0.8 -0.4) (end 0.8 0.4) (layer F.Fab) (width 0.1))
    (fp_line (start 0.8 0.4) (end -0.8 0.4) (layer F.Fab) (width 0.1))
    (fp_line (start -0.22 -0.51) (end 0.22 -0.51) (layer F.SilkS) (width 0.12))
    (fp_line (start -0.22 0.51) (end 0.22 0.51) (layer F.SilkS) (width 0.12))
    (fp_line (start -1.46 0.75) (end -1.46 -0.75) (layer F.CrtYd) (width 0.05))
    (fp_line (start -1.46 -0.75) (end 1.46 -0.75) (layer F.CrtYd) (width 0.05))
    (fp_line (start 1.46 -0.75) (end 1.46 0.75) (layer F.CrtYd) (width 0.05))
    (fp_line (start 1.46 0.75) (end -1.46 0.75) (layer F.CrtYd) (width 0.05))
    (fp_text user %R (at 0 0 135) (layer F.Fab)
      (effects (font (size 0.5 0.5) (thickness 0.08)))
    )
    (pad 1 smd rect (at -0.875 0 135) (size 0.67 1) (layers F.Cu F.Paste F.Mask)
      (net 8 /XOUT))
    (pad 2 smd rect (at 0.875 0 135) (size 0.67 1) (layers F.Cu F.Paste F.Mask)
      (net 3 GND))
    (model ${KISYS3DMOD}/Capacitor_SMD.3dshapes/C_0603_1608Metric.wrl
      (at (xyz 0 0 0))
      (scale (xyz 1 1 1))
      (rotate (xyz 0 0 0))
    )
  )

  (module Capacitor_SMD:C_0603_1608Metric (layer F.Cu) (tedit 5A7E01EF) (tstamp 5A950A3B)
    (at 123.6 69.7 45)
    (descr "Capacitor SMD 0603 (1608 Metric), square (rectangular) end terminal, IPC_7351 nominal, (Body size source: http://www.tortai-tech.com/upload/download/2011102023233369053.pdf), generated with kicad-footprint-generator")
    (tags capacitor)
    (path /5A8B9BEE)
    (attr smd)
    (fp_text reference C12 (at 0 -1.65 45) (layer F.SilkS) hide
      (effects (font (size 1 1) (thickness 0.15)))
    )
    (fp_text value 0.1uF (at 0 1.65 45) (layer F.Fab)
      (effects (font (size 1 1) (thickness 0.15)))
    )
    (fp_text user %R (at 0 0 45) (layer F.Fab)
      (effects (font (size 0.5 0.5) (thickness 0.08)))
    )
    (fp_line (start 1.46 0.75) (end -1.46 0.75) (layer F.CrtYd) (width 0.05))
    (fp_line (start 1.46 -0.75) (end 1.46 0.75) (layer F.CrtYd) (width 0.05))
    (fp_line (start -1.46 -0.75) (end 1.46 -0.75) (layer F.CrtYd) (width 0.05))
    (fp_line (start -1.46 0.75) (end -1.46 -0.75) (layer F.CrtYd) (width 0.05))
    (fp_line (start -0.22 0.51) (end 0.22 0.51) (layer F.SilkS) (width 0.12))
    (fp_line (start -0.22 -0.51) (end 0.22 -0.51) (layer F.SilkS) (width 0.12))
    (fp_line (start 0.8 0.4) (end -0.8 0.4) (layer F.Fab) (width 0.1))
    (fp_line (start 0.8 -0.4) (end 0.8 0.4) (layer F.Fab) (width 0.1))
    (fp_line (start -0.8 -0.4) (end 0.8 -0.4) (layer F.Fab) (width 0.1))
    (fp_line (start -0.8 0.4) (end -0.8 -0.4) (layer F.Fab) (width 0.1))
    (pad 2 smd rect (at 0.875 0 45) (size 0.67 1) (layers F.Cu F.Paste F.Mask)
      (net 2 +3V3))
    (pad 1 smd rect (at -0.875 0 45) (size 0.67 1) (layers F.Cu F.Paste F.Mask)
      (net 3 GND))
    (model ${KISYS3DMOD}/Capacitor_SMD.3dshapes/C_0603_1608Metric.wrl
      (at (xyz 0 0 0))
      (scale (xyz 1 1 1))
      (rotate (xyz 0 0 0))
    )
  )

  (module Capacitor_SMD:C_0603_1608Metric (layer F.Cu) (tedit 5A7E01D6) (tstamp 5A950A2B)
    (at 116.57735 64.78311 315)
    (descr "Capacitor SMD 0603 (1608 Metric), square (rectangular) end terminal, IPC_7351 nominal, (Body size source: http://www.tortai-tech.com/upload/download/2011102023233369053.pdf), generated with kicad-footprint-generator")
    (tags capacitor)
    (path /5A80A789)
    (attr smd)
    (fp_text reference C2 (at 0 -1.65 315) (layer F.SilkS) hide
      (effects (font (size 1 1) (thickness 0.15)))
    )
    (fp_text value 12pF (at 0 1.65 315) (layer F.Fab)
      (effects (font (size 1 1) (thickness 0.15)))
    )
    (fp_line (start -0.8 0.4) (end -0.8 -0.4) (layer F.Fab) (width 0.1))
    (fp_line (start -0.8 -0.4) (end 0.8 -0.4) (layer F.Fab) (width 0.1))
    (fp_line (start 0.8 -0.4) (end 0.8 0.4) (layer F.Fab) (width 0.1))
    (fp_line (start 0.8 0.4) (end -0.8 0.4) (layer F.Fab) (width 0.1))
    (fp_line (start -0.22 -0.51) (end 0.22 -0.51) (layer F.SilkS) (width 0.12))
    (fp_line (start -0.22 0.51) (end 0.22 0.51) (layer F.SilkS) (width 0.12))
    (fp_line (start -1.46 0.75) (end -1.46 -0.75) (layer F.CrtYd) (width 0.05))
    (fp_line (start -1.46 -0.75) (end 1.46 -0.75) (layer F.CrtYd) (width 0.05))
    (fp_line (start 1.46 -0.75) (end 1.46 0.75) (layer F.CrtYd) (width 0.05))
    (fp_line (start 1.46 0.75) (end -1.46 0.75) (layer F.CrtYd) (width 0.05))
    (fp_text user %R (at 0 0 315) (layer F.Fab)
      (effects (font (size 0.5 0.5) (thickness 0.08)))
    )
    (pad 1 smd rect (at -0.875 0 315) (size 0.67 1) (layers F.Cu F.Paste F.Mask)
      (net 7 /XIN))
    (pad 2 smd rect (at 0.875 0 315) (size 0.67 1) (layers F.Cu F.Paste F.Mask)
      (net 3 GND))
    (model ${KISYS3DMOD}/Capacitor_SMD.3dshapes/C_0603_1608Metric.wrl
      (at (xyz 0 0 0))
      (scale (xyz 1 1 1))
      (rotate (xyz 0 0 0))
    )
  )

  (module Connector_PinHeader_2.54mm:PinHeader_1x04_P2.54mm_Vertical (layer F.Cu) (tedit 5A7DFE0E) (tstamp 5A950A14)
    (at 143.9 60)
    (descr "Through hole straight pin header, 1x04, 2.54mm pitch, single row")
    (tags "Through hole pin header THT 1x04 2.54mm single row")
    (path /5A7E259A)
    (fp_text reference J2 (at 0 -2.33) (layer F.SilkS) hide
      (effects (font (size 1 1) (thickness 0.15)))
    )
    (fp_text value Conn_01x04 (at 0 9.95) (layer F.Fab)
      (effects (font (size 1 1) (thickness 0.15)))
    )
    (fp_line (start -0.635 -1.27) (end 1.27 -1.27) (layer F.Fab) (width 0.1))
    (fp_line (start 1.27 -1.27) (end 1.27 8.89) (layer F.Fab) (width 0.1))
    (fp_line (start 1.27 8.89) (end -1.27 8.89) (layer F.Fab) (width 0.1))
